   2.4586331268292191e+06   4.1689129673326208e+00   4.3507331987590958e-01
   2.4586331275236635e+06   4.2902327798983189e+00   5.3366406165797897e-01
   2.4586331282181079e+06   4.4321012827044379e+00   6.1890149117105930e-01
   2.4586331907181079e+06   3.5938462589208120e+00  -5.1102461079556405e-01
   2.4586331914125523e+06   3.6120306254769106e+00  -4.1859659978863051e-01
   2.4586331921069967e+06   3.6405879601572551e+00  -3.0646605281942207e-01
   2.4586331928014411e+06   3.6834649566001767e+00  -1.6676161457427721e-01
   2.4586331934958859e+06   3.7471352252136048e+00   1.0215321681623214e-02
   2.4586331941903303e+06   3.8424961878906601e+00   2.3146611746341131e-01
   2.4586331948847747e+06   3.9878417406084385e+00   4.8810429801672650e-01
   2.4586331955792191e+06   4.2106754393747909e+00   7.3987004670011935e-01
   2.4586331962736635e+06   4.5335398198790040e+00   9.2698322402329258e-01
   2.4586331969681079e+06   4.9204474017361965e+00   1.0136311922036536e+00
   2.4586331976625524e+06   5.2667424653361827e+00   1.0151166434637573e+00
   2.4586331983569968e+06   5.5147950945457422e+00   9.7225352554396338e-01
   2.4586331990514412e+06   5.6791203542720918e+00   9.1413076682992100e-01
   2.4586331997458856e+06   5.7885994470717588e+00   8.5354527126622159e-01
   2.4586332594681079e+06   2.8000303186242839e+00  -7.7254761705939456e-01
   2.4586332601625524e+06   2.7435701035876399e+00  -6.9042795558245829e-01
   2.4586332608569968e+06   2.6752968834018827e+00  -5.8904726572912214e-01
   2.4586332615514412e+06   2.5897775162760142e+00  -4.5792834361107387e-01
   2.4586332622458856e+06   2.4788092317500903e+00  -2.8120662730537083e-01
   2.4586332629403300e+06   2.3302393986349657e+00  -4.1515483239057273e-02
   2.4586332636347748e+06   2.1282274765425493e+00   2.5611742572531410e-01
   2.4586332643292192e+06   1.8605429034549659e+00   5.4826493828004941e-01
   2.4586332650236636e+06   1.5401672183362622e+00   7.5203128720681922e-01
   2.4586332657181080e+06   1.2191119740272764e+00   8.4883081819598394e-01
   2.4586332664125524e+06   9.5030887762498750e-01   8.7212331041041280e-01
   2.4586332671069968e+06   7.4801025856940861e-01   8.5771148621769777e-01
   2.4586332678014413e+06   6.0042326363911147e-01   8.2669191364348682e-01
   2.4586332684958857e+06   4.9167802529671517e-01   7.8903122900649181e-01
   2.4586333323847745e+06   1.9480234357609865e+00  -3.9219126600342560e-02
   2.4586333330792189e+06   1.8641586272124817e+00   7.2334605356370860e-02
   2.4586333337736637e+06   1.7713448681557509e+00   1.8002023155952024e-01
   2.4586333344681081e+06   1.6702445421361252e+00   2.7930205846889467e-01
   2.4586336969681079e+06   1.6807917411285755e+00   5.8158470475980872e-01
   2.4586336976625524e+06   1.5468923373123546e+00   5.3433559371034101e-01
   2.4586336983569968e+06   1.4092793949639291e+00   4.6436996518746393e-01
   2.4586336990514412e+06   1.2730867414586846e+00   3.7063470326751463e-01
   2.4586336997458856e+06   1.1431651369583391e+00   2.5531138744109971e-01
   2.4586337004403300e+06   1.0231517786680293e+00   1.2428501899487340e-01
   2.4586337011347748e+06   9.1506618957039487e-01  -1.4010597339111207e-02
   2.4586337018292192e+06   8.1946790587827412e-01  -1.5099774127353927e-01
   2.4586337025236636e+06   7.3589088002224257e-01  -2.8023812410150828e-01
   2.4586337032181080e+06   6.6330023408909766e-01  -3.9829920932249385e-01
   2.4586337650236636e+06   2.6593697646213443e+00   8.4650251441641466e-01
   2.4586337657181080e+06   2.6003307082743543e+00   9.1204602986495276e-01
   2.4586337664125524e+06   2.5100370893712745e+00   9.8789771932778314e-01
   2.4586337671069968e+06   2.3534879777547451e+00   1.0767136154320645e+00
   2.4586337678014413e+06   2.0316172203067429e+00   1.1718615723489829e+00
   2.4586337684958857e+06   1.3421132229762456e+00   1.2003614977173040e+00
   2.4586337691903301e+06   5.9960718574849736e-01   9.6604119440203273e-01
   2.4586337698847745e+06   2.3617895712355097e-01   4.8760694213508055e-01
   2.4586337705792189e+06   6.1960073617559050e-02   3.6499215231338859e-02
   2.4586337712736637e+06   6.2447870265218226e+00  -2.6113457169299897e-01
   2.4586337719681081e+06   6.1778492020733822e+00  -4.5041615113431821e-01
   2.4586337726625525e+06   6.1281339934364976e+00  -5.8046904263854870e-01
   2.4586337733569969e+06   6.0880640139116986e+00  -6.7766398798452177e-01
   2.4586337740514413e+06   6.0536123686595511e+00  -7.5540486757213088e-01
   2.4586337747458857e+06   6.0223875260286119e+00  -8.2084352700673124e-01
   2.4586338344681081e+06   3.7703421641529107e+00   8.7064399119163371e-01
   2.4586338351625525e+06   3.9644728519466770e+00   8.9379810143795912e-01
   2.4586338358569969e+06   4.2037996040906203e+00   8.8684806223107060e-01
   2.4586338365514413e+06   4.4670008087593001e+00   8.3371020319490674e-01
   2.4586338372458857e+06   4.7168901264676144e+00   7.2587532375016905e-01
   2.4586338379403302e+06   4.9250994494378091e+00   5.7114649293571740e-01
   2.4586338386347746e+06   5.0850428170547444e+00   3.9134466093571452e-01
   2.4586338393292190e+06   5.2035686797388525e+00   2.1071609253183618e-01
   2.4586338400236634e+06   5.2904981878275539e+00   4.5551184853771992e-02
   2.4586338407181078e+06   5.3541720456310573e+00  -9.7983163102452975e-02
   2.4586338414125522e+06   5.4007023591895109e+00  -2.2033342171506826e-01
   2.4586338421069970e+06   5.4343643542979834e+00  -3.2461490839572082e-01
