   2.4586675937479921e+06   1.2352502831354644e+00   5.7655861850325085e-01
   2.4586675944424369e+06   1.3361420152608434e+00   5.0575433060652186e-01
   2.4586675951368813e+06   1.4047711297438976e+00   4.5014920171578354e-01
   2.4586676583313257e+06   4.2435530465446067e+00   7.9385039097323284e-01
   2.4586676590257701e+06   3.7453941907033586e+00   1.1227242920985336e+00
   2.4586676597202145e+06   2.6606502417041544e+00   1.1584495696729946e+00
   2.4586676604146590e+06   2.1595211360257904e+00   9.3536235573796300e-01
   2.4586676611091034e+06   2.0001246503672276e+00   7.3898604959092884e-01
   2.4586676618035478e+06   1.9366098680373651e+00   5.9390171465567398e-01
   2.4586676624979922e+06   1.9095654340616370e+00   4.8416095847532242e-01
   2.4586677236091034e+06   4.5810624460020968e+00   3.9992561819739159e-01
   2.4586677243035478e+06   4.5350039596715925e+00   5.2492245081321454e-01
   2.4586677249979922e+06   4.4426895466683876e+00   6.8450525761306291e-01
   2.4586677256924366e+06   4.2440265311700935e+00   8.8160153856131163e-01
   2.4586677263868810e+06   3.7791076475859327e+00   1.0682035328205421e+00
   2.4586677270813258e+06   3.0115584060177611e+00   1.0725799379816598e+00
   2.4586677277757702e+06   2.5179989703302690e+00   8.7890602125462702e-01
   2.4586677284702146e+06   2.3068750775010183e+00   6.6579350361159240e-01
   2.4586677291646590e+06   2.2096780110945162e+00   4.9281270713317171e-01
   2.4586677298591034e+06   2.1615021583838385e+00   3.5856693180897009e-01
   2.4586677909702146e+06   4.8949323084986993e+00   4.8798085042649042e-01
   2.4586677916646590e+06   4.8871646051042346e+00   5.8771322480826205e-01
   2.4586677923591034e+06   4.8569194475901822e+00   7.2257274988279907e-01
   2.4586677930535479e+06   4.7646467285304341e+00   9.1840337390808924e-01
   2.4586677937479923e+06   4.3867790839662399e+00   1.1980643649597362e+00
   2.4586677944424367e+06   2.8659140021068752e+00   1.2113623125827260e+00
   2.4586677951368811e+06   2.3452248071709234e+00   7.6010681520860990e-01
   2.4586677958313255e+06   2.2319902092473951e+00   4.0608936738746143e-01
   2.4586677965257699e+06   2.1969998514545876e+00   1.8235501496407960e-01
   2.4586677972202147e+06   2.1889906385783409e+00   3.4554818759258976e-02
   2.4586677979146591e+06   2.1935689296110028e+00  -7.1466892785431696e-02
   2.4586678583313255e+06   5.4637391599350460e+00   3.9613145862327137e-01
   2.4586678590257699e+06   5.5616600459685372e+00   4.1925729688709468e-01
   2.4586678597202147e+06   5.7031476914409200e+00   4.3479004100196950e-01
   2.4586678604146591e+06   5.9327368783135794e+00   4.2659962662336853e-01
   2.4586678611091035e+06   6.3006548337509946e-02   3.3311544760371109e-01
   2.4586678618035479e+06   7.1056930019404752e-01   3.0209570408520858e-02
   2.4586678624979923e+06   1.2770174918770636e+00  -2.8583597699051499e-01
   2.4586678631924368e+06   1.6019252362325127e+00  -4.3843006074195412e-01
   2.4586678638868812e+06   1.7911177283694208e+00  -5.1660389786487038e-01
   2.4586678645813256e+06   1.9167631435770904e+00  -5.6761301540789966e-01
   2.4586678652757700e+06   2.0103733459506725e+00  -6.0702414031698804e-01
   2.4586679263868812e+06   6.2592396218443662e+00  -1.3169136771001738e-02
   2.4586679270813256e+06   1.2636717996101998e-01  -1.2556851168445771e-01
   2.4586679277757700e+06   2.9543554949368306e-01  -2.6268437572432313e-01
   2.4586679284702144e+06   4.8112532142408165e-01  -4.1311563457016337e-01
   2.4586679291646588e+06   6.7810929853731172e-01  -5.5909312555874446e-01
   2.4586679298591032e+06   8.7845064738197765e-01  -6.8528751723703385e-01
