   2.4585636434027799e+06   4.2349095528859598e-01   1.1506471787323700e+00
   2.4585636437499998e+06   2.8454955388603198e-01   1.2156551667840800e+00
   2.4585636440972202e+06   3.8125229616629001e-02   1.2823652845708100e+00
   2.4585636444560201e+06   5.8428567521899604e+00   1.3294651481721700e+00
   2.4585636447916701e+06   5.2238050497534596e+00   1.2996222659471399e+00
   2.4585636451388900e+06   4.7527216334987399e+00   1.1626490932860001e+00
   2.4585636454861099e+06   4.4988284187868501e+00   9.4461705312242406e-01
   2.4585636458333302e+06   4.3559241277625800e+00   6.8201754967095995e-01
   2.4585636472569401e+06   4.1209441734899297e+00  -1.7651308588428899e-01
   2.4585636475810199e+06   4.0945110755746699e+00  -2.8627688704810900e-01
   2.4585636479166700e+06   4.0713136583949900e+00  -3.7862297859211003e-01
   2.4585636482754601e+06   4.0503940346428404e+00  -4.5721328032579800e-01
   2.4585646239583301e+06   6.0862403158399800e+00   9.4158157037870305e-01
   2.4585646243055598e+06   5.9172716704655102e+00   9.3016912507196503e-01
   2.4585646246643499e+06   5.7214701821998899e+00   8.9507155127002702e-01
   2.4585646250000000e+06   5.5284189881328896e+00   8.3299751143279999e-01
   2.4585646253472199e+06   5.3332875797636801e+00   7.3349147890385602e-01
   2.4585646270833299e+06   4.6700884371230904e+00  -6.8206203549560002e-02
   2.4585646256944402e+06   5.1549018725290603e+00   5.9779061636083497e-01
   2.4585646260532402e+06   4.9955256658066203e+00   4.2873199490009900e-01
   2.4585646264004600e+06   4.8662804166289000e+00   2.5355323679090402e-01
   2.4585646267476901e+06   4.7590037340837803e+00   8.4035858154275000e-02
   2.4585646274305601e+06   4.5981739787630502e+00  -1.9511177428779899e-01
   2.4585646277893502e+06   4.5333579097338799e+00  -3.0920876198141001e-01
   2.4585646281365701e+06   4.4800990933614901e+00  -4.0154293990793699e-01
   2.4585656736111101e+06   1.9606888160819900e+00   1.1654014434824800e+00
   2.4585656743171299e+06   2.5544114879627799e+00   1.1318834005075800e+00
   2.4585656739583299e+06   2.2445925562568800e+00   1.1678954090278399e+00
   2.4585656746527799e+06   2.8344172298575501e+00   1.0493208943299599e+00
   2.4585656749999998e+06   3.0533055521141099e+00   9.2349501219227703e-01
   2.4585656753472202e+06   3.2131702625315399e+00   7.6576785886963905e-01
   2.4585656757060201e+06   3.3284201841857599e+00   5.9155445022370401e-01
   2.4585656760532400e+06   3.4148190453596401e+00   4.1092810849399702e-01
   2.4585656763888900e+06   3.4747823075614499e+00   2.5304574914963102e-01
